-0.006867
-0.010137
-0.011882
-0.011731
-0.009641
-0.005873
-0.001664
0.003926
0.007718
0.010625
0.012021
0.011911
0.009931
0.006771
0.002282
-0.002118
-0.006689
-0.009662
-0.011900
-0.011521
-0.010100
-0.006731
-0.002524
0.001925
0.006232
0.009960
0.012060
0.012250
0.010570
0.007529
0.003154
-0.001110
-0.005315
-0.009119
-0.011310
-0.011869
-0.010519
-0.007598
-0.003571
0.000948
0.004994
0.009038
0.011489
0.012249
0.011428
0.008876
0.005053
-0.000697
-0.004254
-0.008068
-0.010869
-0.011729
-0.011208
-0.008866
-0.005187
0.000165
0.003640
0.007727
0.010918
0.011949
0.011718
0.009676
0.006363
0.000186
-0.002299
-0.006765
-0.010028
-0.011698
-0.011588
-0.010166
-0.007208
-0.000352
0.001743
0.006045
0.009608
0.011838
0.012417
0.011146
0.008206
0.000290
-0.000433
-0.004962
-0.008857
-0.011278
-0.011998
-0.011186
-0.008621
0.000749
-0.000512
0.003768
0.007947
0.010708
0.011888
0.011916
0.009657
0.009840
-0.001744
-0.002620
-0.006457
-0.009758
-0.011479
-0.011798
-0.010326
-0.007480
-0.000408
0.001324
0.005734
0.009238
0.011728
0.012597
0.011276
0.008900
-0.000207
0.000334
-0.004289
-0.008127
-0.010788
-0.012158
-0.011706
-0.009413
-0.004087
-0.001036
0.002908
0.007196
0.010208
0.012208
0.012108
0.010586
0.007751
0.000201
-0.000833
-0.005344
-0.009177
-0.011448
-0.012117
-0.011036
-0.008441
-0.000314
-0.000408
0.004171
0.008057
0.011107
0.012337
0.011806
0.010173
-0.000495
0.002328
-0.002209
-0.006636
-0.009498
-0.011717
-0.012056
-0.010729
-0.011035
0.001579
0.000738
0.005074
0.008787
0.011398
0.012397
0.011566
0.009469
-0.000203
0.001611
-0.003035
-0.006847
-0.009937
-0.011507
-0.011596
-0.009880
-0.003889
-0.001881
0.001326
0.006094
0.009438
0.011408
0.011798
0.011295
0.008750
0.000389
0.000647
-0.003641
-0.007407
-0.010407
-0.011757
-0.011665
-0.010007
0.000886
-0.002386
0.002014
0.006306
0.009687
0.011567
0.012106
0.011194
0.013676
-0.000945
0.000048
-0.004452
-0.008007
-0.010718
-0.011927
-0.011466
-0.009567
0.000871
-0.002148
0.002341
0.006416
0.009877
0.011708
0.012166
0.010929
0.011186
-0.001327
-0.000006
-0.004413
-0.008057
-0.010598
-0.011777
-0.011525
-0.009698
0.000373
-0.002065
0.002393
0.006446
0.009897
0.012047
0.012216
0.010783
0.008969
0.000143
0.000132
-0.005010
-0.008328
-0.011048
-0.012048
-0.011416
-0.009667
0.000615
-0.001547
0.002698
0.006916
0.010238
0.012108
0.012636
0.011008
0.011217
-0.001488
-0.000523
-0.004704
-0.008627
-0.011218
-0.012227
-0.011586
-0.009512
0.000244
-0.001825
0.002565
0.007026
0.009798
0.011617
0.012045
0.010900
0.006234
0.001140
-0.000036
-0.004562
-0.008277
-0.010618
-0.011907
-0.011445
-0.009510
0.000438
-0.001959
0.002582
0.006606
0.009877
0.011687
0.012225
0.011004
0.009871
0.000006
0.000200
-0.004251
-0.007937
-0.010618
-0.011817
-0.011326
-0.009374
0.000786
-0.002079
0.002424
0.006626
0.009838
0.011698
0.012186
0.010639
0.012068
-0.001336
0.000205
-0.004182
-0.008107
-0.010718
-0.011857
-0.011845
-0.009648
0.000668
-0.002068
0.002042
0.006376
0.010117
0.011598
0.012256
0.010948
0.013123
-0.000213
0.000111
-0.004371
-0.008457
-0.010858
-0.012038
-0.011766
-0.009351
0.000596
-0.002288
0.002313
0.006256
0.009907
0.011748
0.012376
0.010966
0.009523
-0.000505
0.000336
-0.004382
-0.007997
-0.010698
-0.012356
-0.011765
-0.009662
0.000107
-0.002163
0.002334
0.006276
0.009957
0.011717
0.012425
0.011017
0.003464
0.003029
0.000410
-0.004072
-0.008017
-0.010787
-0.012027
-0.011625
-0.009811
-0.000048
-0.001955
0.002376
0.006556
0.009917
0.011837
0.012215
0.010815
0.000747
0.004165
-0.000014
-0.004573
-0.008287
-0.010727
-0.011886
-0.011086
-0.009823
-0.000013
-0.001713
0.002599
0.006786
0.010157
0.011677
0.011975
0.010776
-0.000764
0.003794
-0.000761
-0.005135
-0.008307
-0.010757
-0.011695
-0.011187
-0.014387
0.000494
-0.000624
0.003590
0.007527
0.010428
0.012237
0.012066
0.010255
0.000231
0.002856
-0.001270
-0.005954
-0.008968
-0.011208
-0.012076
-0.010886
-0.009308
0.000191
-0.000534
0.004062
0.007927
0.011007
0.012057
0.011865
0.010054
-0.000171
0.002483
-0.002420
-0.006037
-0.009687
-0.011517
-0.011935
-0.010263
-0.004528
-0.001894
0.000618
0.004974
0.008547
0.011038
0.011987
0.011285
0.009043
0.000100
0.000945
-0.003419
-0.007397
-0.010398
-0.011618
-0.011715
-0.009638
0.000704
-0.002557
0.001769
0.006035
0.009777
0.011448
0.012176
0.010696
0.008830
-0.000533
-0.000100
-0.004623
-0.007958
-0.011037
-0.011937
-0.011285
-0.008740
-0.000314
-0.001175
0.003389
0.007586
0.010138
0.011837
0.011905
0.010076
-0.000878
0.002560
-0.002041
-0.006296
-0.009687
-0.011638
-0.011707
-0.010417
-0.009529
0.001172
0.000977
0.004915
0.008787
0.011238
0.012227
0.011316
0.008839
0.000244
0.000756
-0.003690
-0.007787
-0.010728
-0.011788
-0.011336
-0.009222
0.001189
-0.001954
0.002842
0.007086
0.010048
0.011618
0.011747
0.010468
0.009553
-0.001560
-0.001597
-0.005905
-0.009368
-0.011548
-0.012018
-0.010776
-0.008262
-0.000342
0.000370
0.004893
0.008627
0.011198
0.011968
0.010906
0.008655
-0.000464
0.000576
-0.004297
-0.008057
-0.010648
-0.011538
-0.011266
-0.008968
-0.007194
0.000721
0.003308
0.007237
0.010119
0.011549
0.011528
0.009626
0.006645
0.000197
-0.002287
-0.007115
-0.009799
-0.011449
-0.011738
-0.009886
-0.006941
-0.000467
0.001731
0.006155
0.009188
0.011498
0.011578
0.010496
0.007495
0.000172
-0.001054
-0.005364
-0.008998
-0.010949
-0.011818
-0.010537
-0.007740
0.000665
0.000696
0.005112
0.008578
0.010969
0.012038
0.011028
0.008085
0.006128
-0.001962
-0.004344
-0.008487
-0.010929
-0.011759
-0.011088
-0.008646
-0.005061
0.000625
0.004363
0.008148
0.010749
0.011919
0.010979
0.008726
0.005130
-0.000252
-0.003900
-0.007797
-0.010359
-0.011908
-0.011208
-0.009006
-0.005383
-0.000242
0.003116
0.007277
0.010238
0.011649
0.011228
0.009216
0.006002
0.000148
-0.003116
-0.007117
-0.010168
-0.011769
-0.011219
-0.009226
-0.005627
-0.000255
0.003183
0.007297
0.010648
0.011849
0.011398
0.009387
0.005639
0.000288
-0.002942
-0.007076
-0.010048
-0.011778
-0.011478
-0.009626
-0.006155
-0.000323
0.002918
0.006937
0.009978
0.011599
0.011269
0.009337
0.005943
0.000421
-0.002949
-0.006777
-0.009828
-0.011679
-0.011608
-0.009637
-0.005806
-0.000328
0.003138
0.007057
0.010129
0.011629
0.011209
0.009317
0.006006
0.000269
-0.002995
-0.007187
-0.010339
-0.011489
-0.011319
-0.009408
-0.005904
-0.000135
0.003111
0.006957
0.010278
0.011519
0.011129
0.009338
0.005554
0.000000
-0.003676
-0.007508
-0.010449
-0.011899
-0.011189
-0.008929
-0.005115
0.000015
0.003589
0.007528
0.010589
0.011670
0.010990
0.008809
0.004956
-0.000041
-0.004160
-0.008279
-0.011149
-0.011910
-0.011110
-0.008599
-0.004846
0.000251
0.004425
0.008249
0.010720
0.011520
0.010879
0.008239
0.004178
-0.000668
-0.004828
-0.008569
-0.011249
-0.012080
-0.010630
-0.008029
-0.004096
0.000635
0.004865
0.008669
0.011199
0.011750
0.010410
0.007689
0.003656
-0.001210
-0.005528
-0.009219
-0.010920
-0.011709
-0.010200
-0.006950
-0.003105
0.001420
0.006016
0.009270
0.011380
0.011630
0.010040
0.006900
0.002460
-0.002311
-0.006720
-0.009920
-0.011680
-0.011590
-0.009770
-0.006211
-0.001930
0.002620
0.006780
0.009970
0.011690
0.011400
0.009110
0.005660
0.001282
-0.003055
-0.007489
-0.010081
-0.011720
-0.010851
-0.008640
-0.005340
-0.000644
0.003750
0.007920
0.010321
0.011530
0.010900
0.008520
0.004970
0.000198
-0.004461
-0.008191
-0.010880
-0.011830
-0.010880
-0.007951
-0.004241
0.000120
0.005117
0.008581
0.011170
0.011540
0.010330
0.007241
0.003224
-0.001202
-0.005681
-0.009191
-0.011260
-0.012120
-0.010271
-0.007151
-0.002836
0.002018
0.006389
0.009681
0.011490
0.011620
0.009940
0.006491
0.002033
-0.002421
-0.006769
-0.010091
-0.011790
-0.011670
-0.009401
-0.005752
-0.001643
0.003034
0.007496
0.010631
0.011851
0.011360
0.009260
0.005333
0.000879
-0.003890
-0.007471
-0.010371
-0.011850
-0.011280
-0.008232
-0.004722
-0.000252
0.004512
0.008367
0.010771
0.011621
0.010790
0.008061
0.004015
-0.000471
-0.004926
-0.009193
-0.010872
-0.011760
-0.010321
-0.006992
-0.002947
0.000155
0.005276
0.009242
0.011381
0.011441
0.010071
0.007121
0.002581
-0.002239
-0.006394
-0.010061
-0.011481
-0.011420
-0.009770
-0.006561
-0.002093
0.002701
0.006919
0.010201
0.011401
0.011091
0.009121
0.005453
0.001204
-0.003379
-0.007297
-0.010970
-0.012021
-0.011231
-0.009121
-0.005223
-0.000425
0.003996
0.008320
0.010772
0.011881
0.011001
0.008261
0.004772
0.000072
-0.004681
-0.008669
-0.011122
-0.011991
-0.010871
-0.008431
-0.004324
0.000356
0.005183
0.008887
0.011201
0.011731
0.010371
0.007741
0.003437
-0.000331
-0.005579
-0.008925
-0.011251
-0.011581
-0.010151
-0.007411
-0.003315
0.000589
0.005684
0.009330
0.011201
0.011810
0.009881
0.006551
0.002467
-0.002552
-0.006882
-0.010231
-0.011871
-0.011641
-0.009770
-0.006401
-0.002090
0.002746
0.007230
0.010052
0.011720
0.011171
0.009190
0.005801
0.001421
-0.003385
-0.007420
-0.010561
-0.012120
-0.011531
-0.009271
-0.005373
-0.001078
0.003825
0.007896
0.010531
0.011770
0.011070
0.008731
0.005181
0.000467
-0.003999
-0.008322
-0.010871
-0.011811
-0.011040
-0.008541
-0.004563
-0.000192
0.004868
0.008664
0.010681
0.011620
0.010730
0.007891
0.003814
-0.000007
-0.004858
-0.008651
-0.011500
-0.011970
-0.010551
-0.007940
-0.003843
0.000360
0.005259
0.009011
0.011160
0.011840
0.010500
0.007660
0.003661
-0.001279
-0.005635
-0.009540
-0.011560
-0.011720
-0.010200
-0.007360
-0.003280
0.001430
0.005862
0.009460
0.011590
0.011860
0.010250
0.007359
0.002873
-0.001349
-0.005847
-0.009330
-0.011430
-0.011770
-0.010060
-0.006880
-0.003023
0.001624
0.006117
0.009540
0.011630
0.011450
0.010010
0.006819
0.002524
-0.002028
-0.006328
-0.009959
-0.011450
-0.011700
-0.009810
-0.006798
