-0.006890
-0.010130
-0.011880
-0.011730
-0.009640
-0.005870
-0.001650
0.002940
0.007110
0.010620
0.012020
0.011910
0.009930
0.006770
0.002270
-0.002130
-0.006670
-0.009660
-0.011900
-0.011520
-0.010100
-0.006730
-0.002520
0.001940
0.006230
0.009960
0.012060
0.012250
0.010570
0.007530
0.003160
-0.001010
-0.005320
-0.009120
-0.011310
-0.011870
-0.010520
-0.007600
-0.003580
0.000710
0.005000
0.009040
0.011490
0.012250
0.011430
0.008880
0.004990
0.000170
-0.004260
-0.008070
-0.010870
-0.011730
-0.011210
-0.008870
-0.005130
-0.000900
0.003650
0.007730
0.010920
0.011950
0.011720
0.009680
0.006250
0.002100
-0.002310
-0.006770
-0.010030
-0.011700
-0.011590
-0.010170
-0.007120
-0.002840
0.001760
0.006050
0.009610
0.011840
0.012420
0.011150
0.008150
0.004400
-0.000470
-0.004970
-0.008860
-0.011280
-0.012000
-0.011190
-0.008610
-0.004960
-0.000480
0.003780
0.007950
0.010710
0.011890
0.011920
0.009660
0.006410
0.002210
-0.002580
-0.006460
-0.009760
-0.011480
-0.011800
-0.010330
-0.007430
-0.003270
0.001350
0.005740
0.009240
0.011730
0.012600
0.011280
0.008860
0.004720
0.000310
-0.004300
-0.008130
-0.010790
-0.012160
-0.011710
-0.009410
-0.005780
-0.001890
0.002940
0.007200
0.010210
0.012210
0.012110
0.010590
0.007540
0.003310
-0.000840
-0.005350
-0.009180
-0.011450
-0.012120
-0.011040
-0.008360
-0.004790
-0.000380
0.004180
0.008060
0.011110
0.012340
0.011810
0.010130
0.006310
0.002340
-0.002240
-0.006640
-0.009500
-0.011720
-0.012060
-0.010730
-0.007850
-0.003620
0.000640
0.005080
0.008790
0.011400
0.012400
0.011570
0.009380
0.005990
0.001590
-0.003050
-0.006850
-0.009940
-0.011510
-0.011600
-0.009870
-0.006970
-0.003010
0.001410
0.006100
0.009440
0.011410
0.011800
0.011300
0.008590
0.005140
0.000630
-0.003650
-0.007410
-0.010410
-0.011760
-0.011670
-0.009950
-0.006670
-0.002380
0.002040
0.006310
0.009690
0.011570
0.012110
0.011190
0.008450
0.004710
0.000350
-0.004460
-0.008010
-0.010720
-0.011930
-0.011470
-0.009540
-0.006160
-0.002150
0.002370
0.006420
0.009880
0.011710
0.012170
0.010930
0.008040
0.004390
0.000090
-0.004420
-0.008060
-0.010600
-0.011780
-0.011530
-0.009610
-0.006230
-0.002050
0.002410
0.006450
0.009900
0.012050
0.012220
0.010770
0.008370
0.004500
0.000120
-0.005020
-0.008330
-0.011050
-0.012050
-0.011420
-0.009640
-0.006030
-0.001550
0.002720
0.006920
0.010240
0.012110
0.012640
0.011010
0.008200
0.003950
-0.000420
-0.004710
-0.008630
-0.011220
-0.012230
-0.011590
-0.009430
-0.005850
-0.001810
0.002580
0.007030
0.009800
0.011620
0.012050
0.010880
0.008060
0.004080
-0.000120
-0.004570
-0.008280
-0.010620
-0.011910
-0.011450
-0.009440
-0.006030
-0.001940
0.002600
0.006610
0.009880
0.011690
0.012230
0.010990
0.008240
0.004380
0.000200
-0.004260
-0.007940
-0.010620
-0.011820
-0.011330
-0.009350
-0.005800
-0.002080
0.002450
0.006630
0.009840
0.011700
0.012190
0.010640
0.008110
0.004510
0.000370
-0.004190
-0.008110
-0.010720
-0.011860
-0.011850
-0.009590
-0.006260
-0.002050
0.002060
0.006380
0.010120
0.011600
0.012260
0.010940
0.008280
0.004860
0.000230
-0.004380
-0.008460
-0.010860
-0.012040
-0.011770
-0.009340
-0.006490
-0.002310
0.002360
0.006260
0.009910
0.011750
0.012380
0.010970
0.008350
0.004830
0.000350
-0.004390
-0.008000
-0.010700
-0.012360
-0.011770
-0.009540
-0.006310
-0.002150
0.002350
0.006280
0.009960
0.011720
0.012430
0.010990
0.008200
0.004680
0.000150
-0.004080
-0.008020
-0.010790
-0.012030
-0.011630
-0.009640
-0.006080
-0.001950
0.002390
0.006560
0.009920
0.011840
0.012220
0.010780
0.007880
0.004420
-0.000190
-0.004580
-0.008290
-0.010730
-0.011890
-0.011090
-0.009200
-0.005700
-0.001720
0.002610
0.006790
0.010160
0.011680
0.011980
0.010660
0.007610
0.003800
-0.000800
-0.005140
-0.008310
-0.010760
-0.011700
-0.011180
-0.008590
-0.005050
-0.001010
0.003600
0.007530
0.010430
0.012240
0.012070
0.010230
0.007220
0.002940
-0.001340
-0.005960
-0.008970
-0.011210
-0.012080
-0.010890
-0.008510
-0.004950
-0.000540
0.004070
0.007930
0.011010
0.012060
0.011870
0.009920
0.006330
0.002480
-0.002440
-0.006040
-0.009690
-0.011520
-0.011940
-0.010250
-0.007700
-0.003740
0.000760
0.004980
0.008550
0.011040
0.011990
0.011290
0.008950
0.005090
0.000930
-0.003430
-0.007400
-0.010400
-0.011620
-0.011720
-0.009620
-0.006840
-0.002580
0.001820
0.006040
0.009780
0.011450
0.012180
0.010700
0.007880
0.003960
-0.000090
-0.004630
-0.007960
-0.011040
-0.011940
-0.011290
-0.008630
-0.005460
-0.001150
0.003400
0.007590
0.010140
0.011840
0.011910
0.010040
0.006850
0.002570
-0.002080
-0.006300
-0.009690
-0.011640
-0.011710
-0.010420
-0.007550
-0.003790
0.000950
0.004920
0.008790
0.011240
0.012230
0.011320
0.008730
0.004940
0.000740
-0.003700
-0.007790
-0.010730
-0.011790
-0.011340
-0.009200
-0.006160
-0.001940
0.002870
0.007090
0.010050
0.011620
0.011750
0.010470
0.007100
0.002940
-0.001560
-0.005910
-0.009370
-0.011550
-0.012020
-0.010780
-0.008170
-0.004110
0.000390
0.004900
0.008630
0.011200
0.011970
0.010910
0.008630
0.004830
0.000540
-0.004310
-0.008060
-0.010650
-0.011540
-0.011270
-0.008970
-0.005520
-0.001140
0.003310
0.007240
0.010120
0.011550
0.011530
0.009630
0.006590
0.002000
-0.002300
-0.007120
-0.009800
-0.011450
-0.011740
-0.009890
-0.006910
-0.002850
0.001760
0.006160
0.009190
0.011500
0.011580
0.010500
0.007480
0.003340
-0.001090
-0.005370
-0.009000
-0.010950
-0.011820
-0.010540
-0.007740
-0.004100
0.000750
0.005120
0.008580
0.010970
0.012040
0.011030
0.008090
0.004400
-0.000010
-0.004340
-0.008490
-0.010930
-0.011760
-0.011090
-0.008650
-0.004980
-0.000320
0.004370
0.008150
0.010750
0.011920
0.010980
0.008730
0.005070
0.000770
-0.003910
-0.007800
-0.010360
-0.011910
-0.011210
-0.009010
-0.005330
-0.001540
0.003130
0.007280
0.010240
0.011650
0.011230
0.009220
0.005940
0.001650
-0.003130
-0.007120
-0.010170
-0.011770
-0.011220
-0.009230
-0.005610
-0.001460
0.003200
0.007300
0.010650
0.011850
0.011400
0.009390
0.005630
0.001480
-0.002960
-0.007080
-0.010050
-0.011780
-0.011480
-0.009630
-0.006140
-0.001830
0.002940
0.006940
0.009980
0.011600
0.011270
0.009340
0.005940
0.001910
-0.002980
-0.006780
-0.009830
-0.011680
-0.011610
-0.009640
-0.005810
-0.001690
0.003170
0.007060
0.010130
0.011630
0.011210
0.009320
0.006010
0.001820
-0.003030
-0.007190
-0.010340
-0.011490
-0.011320
-0.009410
-0.005910
-0.001590
0.003140
0.006960
0.010280
0.011520
0.011130
0.009340
0.005560
0.000990
-0.003690
-0.007510
-0.010450
-0.011900
-0.011190
-0.008930
-0.005120
-0.000790
0.003600
0.007530
0.010590
0.011670
0.010990
0.008810
0.004960
0.000630
-0.004170
-0.008280
-0.011150
-0.011910
-0.011110
-0.008600
-0.004850
-0.000050
0.004430
0.008250
0.010720
0.011520
0.010880
0.008240
0.004180
-0.000600
-0.004830
-0.008570
-0.011250
-0.012080
-0.010630
-0.008030
-0.004100
0.000490
0.004870
0.008670
0.011200
0.011750
0.010410
0.007690
0.003660
-0.001160
-0.005530
-0.009220
-0.010920
-0.011710
-0.010200
-0.006950
-0.003110
0.001380
0.006020
0.009270
0.011380
0.011630
0.010040
0.006900
0.002460
-0.002310
-0.006720
-0.009920
-0.011680
-0.011590
-0.009770
-0.006210
-0.001930
0.002620
0.006780
0.009970
0.011690
0.011400
0.009110
0.005660
0.001270
-0.003060
-0.007490
-0.010080
-0.011720
-0.010850
-0.008640
-0.005340
-0.000580
0.003760
0.007920
0.010320
0.011530
0.010900
0.008520
0.004970
-0.000010
-0.004470
-0.008190
-0.010880
-0.011830
-0.010880
-0.007950
-0.004240
0.000250
0.005120
0.008580
0.011170
0.011540
0.010330
0.007240
0.003220
-0.001230
-0.005660
-0.009190
-0.011260
-0.012120
-0.010270
-0.007150
-0.002830
0.002030
0.006370
0.009680
0.011490
0.011620
0.009940
0.006490
0.002020
-0.002440
-0.006760
-0.010090
-0.011790
-0.011670
-0.009400
-0.005750
-0.001630
0.003050
0.007490
0.010630
0.011850
0.011360
0.009260
0.005330
0.000840
-0.003910
-0.007460
-0.010370
-0.011850
-0.011280
-0.008230
-0.004720
-0.000160
0.004550
0.008360
0.010770
0.011620
0.010790
0.008060
0.004010
-0.000820
-0.005070
-0.009190
-0.010870
-0.011760
-0.010320
-0.006990
-0.002940
0.001790
0.005900
0.009240
0.011380
0.011440
0.010070
0.007120
0.002570
-0.002170
-0.006350
-0.010060
-0.011480
-0.011420
-0.009770
-0.006560
-0.002080
0.002710
0.006900
0.010200
0.011400
0.011090
0.009120
0.005450
0.001180
-0.003400
-0.007280
-0.010970
-0.012020
-0.011230
-0.009120
-0.005220
-0.000360
0.004040
0.008310
0.010770
0.011880
0.011000
0.008260
0.004770
-0.000040
-0.004740
-0.008660
-0.011120
-0.011990
-0.010870
-0.008430
-0.004320
0.000640
0.005300
0.008880
0.011200
0.011730
0.010370
0.007740
0.003430
-0.001240
-0.005860
-0.008920
-0.011250
-0.011580
-0.010150
-0.007410
-0.003310
0.001460
0.005690
0.009330
0.011200
0.011810
0.009880
0.006550
0.002460
-0.002540
-0.006850
-0.010230
-0.011870
-0.011640
-0.009770
-0.006400
-0.002080
0.002760
0.007220
0.010050
0.011720
0.011170
0.009190
0.005800
0.001400
-0.003400
-0.007410
-0.010560
-0.012120
-0.011530
-0.009270
-0.005370
-0.001050
0.003840
0.007890
0.010530
0.011770
0.011070
0.008730
0.005180
0.000380
-0.004020
-0.008320
-0.010870
-0.011810
-0.011040
-0.008540
-0.004560
-0.000040
0.004890
0.008660
0.010680
0.011620
0.010730
0.007890
0.003810
-0.000510
-0.004880
-0.008650
-0.011500
-0.011970
-0.010550
-0.007940
-0.003840
0.000410
0.005260
0.009010
0.011160
0.011840
0.010500
0.007660
0.003660
-0.001310
-0.005620
-0.009540
-0.011560
-0.011720
-0.010200
-0.007360
-0.003280
0.001440
0.005860
0.009460
0.011590
0.011860
0.010250
0.007360
0.002870
-0.001330
-0.005850
-0.009330
-0.011430
-0.011770
-0.010060
-0.006880
-0.003030
0.001580
0.006120
0.009540
0.011630
0.011450
0.010010
0.006820
0.002530
-0.002000
-0.006330
-0.009960
-0.011450
-0.011700
-0.009810
-0.006800
